#! FIELDS dZ.z tiltAvg ff1 dff1_dZ.z dff1_tiltAvg
#! SET normalisation  1.000000
#! SET min_dZ.z -4.8
#! SET max_dZ.z 4.8
#! SET nbins_dZ.z  33
#! SET periodic_dZ.z false
#! SET min_tiltAvg 0
#! SET max_tiltAvg 180
#! SET nbins_tiltAvg  19
#! SET periodic_tiltAvg false
 -4.800000 0.000000 43.297832 -8.036437 -0.493164
 -4.509091 0.000000 41.696663 -3.317144 -0.490972
 -4.218182 0.000000 41.101429 -1.342029 -0.491769
 -3.927273 0.000000 40.450198 -4.340607 -0.493931
 -3.636364 0.000000 38.004523 -11.934413 -0.467919
 -3.345455 0.000000 34.481524 -10.874436 -0.437790
 -3.054545 0.000000 32.089397 -5.297466 -0.425574
 -2.763636 0.000000 31.460985 0.989252 -0.424453
 -2.472727 0.000000 32.647032 7.107333 -0.433516
 -2.181818 0.000000 35.555422 12.804803 -0.451190
 -1.890909 0.000000 40.029749 17.758842 -0.472321
 -1.600000 0.000000 45.833605 20.411167 -0.498371
 -1.309091 0.000000 52.490931 20.783448 -0.507558
 -1.018182 0.000000 59.294969 20.220222 -0.485738
 -0.727273 0.000000 55.875867 -30.583518 -0.419372
 -0.436364 0.000000 47.576548 -25.402787 -0.431164
 -0.145455 0.000000 38.165264 -30.763169 -0.553488
 0.145455 0.000000 29.257372 -27.929973 -0.585012
 0.436364 0.000000 21.974812 -21.919344 -0.585426
 0.727273 0.000000 16.489669 -15.884048 -0.578681
 1.018182 0.000000 12.646466 -10.717571 -0.579296
 1.309091 0.000000 10.172078 -6.337588 -0.597636
 1.600000 0.000000 9.009603 -1.472708 -0.622952
 1.890909 0.000000 9.422175 4.442681 -0.636347
 2.181818 0.000000 11.613121 10.517981 -0.627124
 2.472727 0.000000 15.367127 14.764131 -0.571308
 2.763636 0.000000 19.922772 16.325392 -0.461021
 3.054545 0.000000 25.223769 19.142276 -0.375445
 3.345455 0.000000 31.715116 24.198086 -0.371418
 3.636364 0.000000 39.414961 8.584951 -0.474193
 3.927273 0.000000 40.904067 2.024877 -0.478620
 4.218182 0.000000 41.219251 0.872041 -0.482284
 4.509091 0.000000 41.754376 3.231180 -0.484447
 4.800000 0.000000 43.328245 7.907935 -0.485694

 -4.800000 9.473684 39.399403 -7.939062 -0.332561
 -4.509091 9.473684 37.823283 -3.256967 -0.329907
 -4.218182 9.473684 37.223907 -1.465809 -0.330470
 -3.927273 9.473684 36.505040 -4.540146 -0.342635
 -3.636364 9.473684 34.160130 -11.073776 -0.348146
 -3.345455 9.473684 30.873399 -10.256576 -0.330850
 -3.054545 9.473684 28.601631 -5.057775 -0.318021
 -2.763636 9.473684 27.999708 0.928480 -0.312403
 -2.472727 9.473684 29.120468 6.719616 -0.315176
 -2.181818 9.473684 31.875954 12.162536 -0.327965
 -1.890909 9.473684 36.140003 16.968701 -0.350463
 -1.600000 9.473684 41.667957 19.847533 -0.383180
 -1.309091 9.473684 48.173645 21.018378 -0.407689
 -1.018182 9.473684 55.190879 22.460685 -0.386976
 -0.727273 9.473684 52.953652 -30.505585 -0.198508
 -0.436364 9.473684 44.467685 -26.270323 -0.229248
 -0.145455 9.473684 33.814028 -32.661310 -0.363915
 0.145455 9.473684 24.676194 -28.140242 -0.380772
 0.436364 9.473684 17.394821 -21.770338 -0.379997
 0.727273 9.473684 11.955237 -15.784843 -0.376946
 1.018182 9.473684 8.081743 -11.086199 -0.382565
 1.309091 9.473684 5.425278 -7.136433 -0.402298
 1.600000 9.473684 4.045462 -2.080141 -0.422745
 1.890909 9.473684 4.346201 4.297115 -0.432968
 2.181818 9.473684 6.584257 11.071593 -0.431254
 2.472727 9.473684 10.711964 17.008656 -0.406263
 2.763636 9.473684 16.209156 20.091337 -0.324877
 3.054545 9.473684 22.584655 19.843304 -0.187398
 3.345455 9.473684 29.124516 22.918597 -0.181502
 3.636364 9.473684 35.669470 8.453083 -0.320573
 3.927273 9.473684 37.132216 1.970797 -0.321030
 4.218182 9.473684 37.432166 0.828905 -0.320158
 4.509091 9.473684 37.959349 3.215857 -0.319670
 4.800000 9.473684 39.528185 7.883549 -0.319651

 -4.800000 18.947368 36.932173 -7.877894 -0.192624
 -4.509091 18.947368 35.368920 -3.242160 -0.193346
 -4.218182 18.947368 34.749534 -1.674884 -0.197829
 -3.927273 18.947368 33.881705 -5.349207 -0.215446
 -3.636364 18.947368 31.375213 -11.119973 -0.239022
 -3.345455 18.947368 28.168192 -9.845680 -0.237817
 -3.054545 18.947368 26.010641 -4.698134 -0.226748
 -2.763636 18.947368 25.498264 1.167068 -0.213855
 -2.472727 18.947368 26.652929 6.683842 -0.204182
 -2.181818 18.947368 29.338079 11.692087 -0.206548
 -1.890909 18.947368 33.388200 15.965466 -0.230015
 -1.600000 18.947368 38.558252 18.782045 -0.273398
 -1.309091 18.947368 44.748854 21.146575 -0.313474
 -1.018182 18.947368 51.904741 24.458663 -0.305408
 -0.727273 18.947368 52.079035 -29.939020 0.010310
 -0.436364 18.947368 43.067820 -28.399939 -0.083132
 -0.145455 18.947368 31.270637 -33.683017 -0.175355
 0.145455 18.947368 22.047029 -28.147027 -0.175926
 0.436364 18.947368 14.783995 -21.663997 -0.172334
 0.727273 18.947368 9.361360 -15.824394 -0.171493
 1.018182 18.947368 5.417160 -11.561369 -0.180285
 1.309091 18.947368 2.577763 -7.822047 -0.198363
 1.600000 18.947368 1.030149 -2.511277 -0.213002
 1.890909 18.947368 1.249124 4.155782 -0.219930
 2.181818 18.947368 3.487836 11.244857 -0.220892
 2.472727 18.947368 7.762455 18.004126 -0.212602
 2.763636 18.947368 13.814230 23.031803 -0.175220
 3.054545 18.947368 21.534975 21.016524 -0.042372
 3.345455 18.947368 28.103066 20.238764 -0.046673
 3.636364 18.947368 33.249250 8.381519 -0.195829
 3.927273 18.947368 34.736253 2.133738 -0.190506
 4.218182 18.947368 35.072520 0.915430 -0.183774
 4.509091 18.947368 35.616636 3.247955 -0.180704
 4.800000 18.947368 37.188773 7.875887 -0.180023

 -4.800000 28.421053 35.638799 -7.958127 -0.088057
 -4.509091 28.421053 34.035533 -3.443340 -0.096182
 -4.218182 28.421053 33.338790 -2.011032 -0.108248
 -3.927273 28.421053 32.328156 -6.029270 -0.118733
 -3.636364 28.421053 29.648652 -11.429352 -0.126223
 -3.345455 28.421053 26.444105 -9.604052 -0.123127
 -3.054545 28.421053 24.389609 -4.261481 -0.111439
 -2.763636 28.421053 24.015736 1.656109 -0.096027
 -2.472727 28.421053 25.289644 6.945464 -0.083311
 -2.181818 28.421053 27.959321 11.242159 -0.088758
 -1.890909 28.421053 31.738758 14.587189 -0.125798
 -1.600000 28.421053 36.453800 17.414951 -0.175868
 -1.309091 28.421053 42.271443 21.155481 -0.209237
 -1.018182 28.421053 49.475139 25.556924 -0.203817
 -0.727273 28.421053 52.987684 -27.399069 0.162648
 -0.436364 28.421053 42.293156 -32.476274 -0.122680
 -0.145455 28.421053 30.320261 -33.514358 -0.046129
 0.145455 28.421053 21.212791 -27.804420 -0.017032
 0.436364 28.421053 14.018635 -21.524638 -0.004430
 0.727273 28.421053 8.603783 -15.922897 -0.002900
 1.018182 28.421053 4.589318 -11.932080 -0.005816
 1.309091 28.421053 1.632264 -8.200952 -0.007416
 1.600000 28.421053 0.000000 -2.713557 -0.007261
 1.890909 28.421053 0.179817 4.078076 -0.007121
 2.181818 28.421053 2.410546 11.274991 -0.007073
 2.472727 28.421053 6.726698 18.321358 -0.005464
 2.763636 28.421053 12.990396 24.342807 0.004810
 3.054545 28.421053 21.644966 21.966011 0.060063
 3.345455 28.421053 27.971251 16.000565 0.006032
 3.636364 28.421053 31.845712 8.291338 -0.106787
 3.927273 28.421053 33.387572 2.473712 -0.102492
 4.218182 28.421053 33.805948 1.124854 -0.092783
 4.509091 28.421053 34.391202 3.327602 -0.087207
 4.800000 28.421053 35.976539 7.897699 -0.084748

 -4.800000 37.894737 35.087935 -8.225146 -0.038402
 -4.509091 37.894737 33.377288 -3.910699 -0.051645
 -4.218182 37.894737 32.539267 -2.433011 -0.068136
 -3.927273 37.894737 31.480198 -5.886951 -0.069757
 -3.636364 37.894737 28.897506 -11.004080 -0.041400
 -3.345455 37.894737 25.825717 -9.117171 -0.012277
 -3.054545 37.894737 23.917228 -3.758201 0.008680
 -2.763636 37.894737 23.676411 2.023090 0.019722
 -2.472727 37.894737 24.983271 6.689205 0.006720
 -2.181818 37.894737 27.416974 9.873344 -0.046899
 -1.890909 37.894737 30.718933 12.919869 -0.108036
 -1.600000 37.894737 35.054155 16.748511 -0.130543
 -1.309091 37.894737 40.716529 21.484566 -0.126757
 -1.018182 37.894737 48.036608 25.716013 -0.106494
 -0.727273 37.894737 54.333304 -19.999464 0.054861
 -0.436364 37.894737 40.469217 -34.717125 -0.233109
 -0.145455 37.894737 29.745568 -31.601696 -0.104631
 0.145455 37.894737 21.083152 -26.779949 -0.050987
 0.436364 37.894737 14.069731 -21.274541 -0.029213
 0.727273 37.894737 8.691979 -15.781749 -0.022894
 1.018182 37.894737 4.795260 -11.199564 0.007751
 1.309091 37.894737 2.113143 -7.192306 0.076182
 1.600000 37.894737 0.723422 -2.098809 0.140012
 1.890909 37.894737 1.024323 4.329252 0.174053
 2.181818 37.894737 3.298012 11.342796 0.186983
 2.472727 37.894737 7.621972 18.323246 0.188322
 2.763636 37.894737 13.900883 24.430379 0.181546
 3.054545 37.894737 22.559412 21.223724 0.122843
 3.345455 37.894737 28.074649 12.071487 0.013107
 3.636364 37.894737 31.106961 7.830686 -0.054996
 3.927273 37.894737 32.636212 2.741143 -0.063390
 4.218182 37.894737 33.135867 1.375148 -0.056974
 4.509091 37.894737 33.780712 3.487757 -0.050572
 4.800000 37.894737 35.404146 8.006290 -0.045131

 -4.800000 47.368421 34.741453 -8.506169 -0.040693
 -4.509091 47.368421 32.924417 -4.361696 -0.048028
 -4.218182 47.368421 31.943533 -2.907595 -0.060495
 -3.927273 47.368421 30.840629 -5.435797 -0.070970
 -3.636364 47.368421 28.622951 -9.238543 -0.030160
 -3.345455 47.368421 26.024318 -7.773656 0.039650
 -3.054545 47.368421 24.402116 -3.153208 0.080268
 -2.763636 47.368421 24.187965 1.474935 0.071671
 -2.472727 47.368421 25.080700 4.402312 -0.003521
 -2.181818 47.368421 26.755842 7.386300 -0.092877
 -1.890909 47.368421 29.561441 12.113080 -0.127597
 -1.600000 47.368421 33.869872 17.358880 -0.117780
 -1.309091 47.368421 39.692370 22.149886 -0.096936
 -1.018182 47.368421 47.188751 24.549164 -0.090298
 -0.727273 47.368421 53.678854 -13.610928 -0.143632
 -0.436364 47.368421 38.589709 -34.695866 -0.137911
 -0.145455 47.368421 28.557595 -30.165281 -0.107904
 0.145455 47.368421 20.222898 -26.007133 -0.091800
 0.436364 47.368421 13.343683 -21.111065 -0.084929
 0.727273 47.368421 8.022354 -15.369397 -0.080118
 1.018182 47.368421 4.421025 -9.426307 -0.058131
 1.309091 47.368421 2.484610 -4.010413 0.003343
 1.600000 47.368421 2.029761 0.849520 0.106920
 1.890909 47.368421 3.011535 6.024958 0.209217
 2.181818 47.368421 5.612245 11.957600 0.269545
 2.472727 47.368421 9.994584 18.092055 0.282369
 2.763636 47.368421 16.097230 23.046465 0.247450
 3.054545 47.368421 23.619592 18.848714 0.076793
 3.345455 47.368421 28.183380 10.011647 0.006850
 3.636364 47.368421 30.711676 6.811164 -0.032189
 3.927273 47.368421 32.092413 2.706044 -0.053930
 4.218182 47.368421 32.620098 1.525544 -0.054540
 4.509091 47.368421 33.311830 3.663131 -0.051668
 4.800000 47.368421 34.987200 8.179258 -0.047124

 -4.800000 56.842105 34.295046 -8.555700 -0.050269
 -4.509091 56.842105 32.456396 -4.492295 -0.048433
 -4.218182 56.842105 31.390688 -3.416448 -0.054066
 -3.927273 56.842105 30.129261 -5.637970 -0.074533
 -3.636364 56.842105 28.188752 -7.144550 -0.059024
 -3.345455 56.842105 26.292176 -5.509730 0.006864
 -3.054545 56.842105 25.096916 -2.696972 0.045963
 -2.763636 56.842105 24.639309 -0.645992 0.000005
 -2.472727 56.842105 24.728493 1.565882 -0.077886
 -2.181818 56.842105 25.800309 6.182616 -0.108828
 -1.890909 56.842105 28.459819 12.176381 -0.107222
 -1.600000 56.842105 32.871805 17.968873 -0.095199
 -1.309091 56.842105 38.825592 22.245115 -0.085675
 -1.018182 56.842105 46.194795 22.536158 -0.110006
 -0.727273 56.842105 52.410697 -4.305251 -0.108562
 -0.436364 56.842105 38.108514 -34.563522 0.041712
 -0.145455 56.842105 28.216864 -29.825920 0.048441
 0.145455 56.842105 19.967425 -25.789282 0.054057
 0.436364 56.842105 13.134988 -21.001616 0.058751
 0.727273 56.842105 7.856026 -15.138809 0.063473
 1.018182 56.842105 4.379696 -8.729181 0.071340
 1.309091 56.842105 2.767771 -2.410285 0.087062
 1.600000 56.842105 2.925852 3.386870 0.116855
 1.890909 56.842105 4.673270 8.527706 0.160876
 2.181818 56.842105 7.841608 13.183221 0.197431
 2.472727 56.842105 12.292495 17.140825 0.183218
 2.763636 56.842105 17.796287 19.439112 0.089131
 3.054545 56.842105 23.769838 17.719102 -0.039142
 3.345455 56.842105 28.144205 10.097333 -0.016672
 3.636364 56.842105 30.449159 5.593419 -0.024421
 3.927273 56.842105 31.605634 2.403249 -0.047618
 4.218182 56.842105 32.102638 1.520815 -0.052619
 4.509091 56.842105 32.799001 3.709053 -0.054272
 4.800000 56.842105 34.496204 8.276267 -0.054272

 -4.800000 66.315789 33.880321 -8.487053 -0.033401
 -4.509091 66.315789 32.068018 -4.416731 -0.031115
 -4.218182 66.315789 30.974169 -3.783421 -0.031602
 -3.927273 66.315789 29.549665 -6.113899 -0.042517
 -3.636364 66.315789 27.671134 -6.169625 -0.040982
 -3.345455 66.315789 26.151981 -4.330659 -0.029649
 -3.054545 66.315789 24.982009 -3.990816 -0.072710
 -2.763636 66.315789 23.888069 -3.058369 -0.151298
 -2.472727 66.315789 23.511382 0.895762 -0.170013
 -2.181818 66.315789 24.573249 6.568856 -0.148345
 -1.890909 66.315789 27.384639 12.771892 -0.120535
 -1.600000 66.315789 31.971891 18.584731 -0.095042
 -1.309091 66.315789 38.091146 22.352527 -0.067492
 -1.018182 66.315789 45.371795 21.327303 -0.056709
 -0.727273 66.315789 51.679389 5.900598 -0.049462
 -0.436364 66.315789 39.398334 -34.400420 0.226979
 -0.145455 66.315789 29.554976 -29.710479 0.232523
 0.145455 66.315789 21.358975 -25.597958 0.239096
 0.436364 66.315789 14.585217 -20.800872 0.247482
 0.727273 66.315789 9.363275 -14.942970 0.255437
 1.018182 66.315789 5.948208 -8.495592 0.261085
 1.309091 66.315789 4.415064 -2.097520 0.262637
 1.600000 66.315789 4.675223 3.761448 0.254702
 1.890909 66.315789 6.513833 8.695780 0.227525
 2.181818 66.315789 9.605673 12.292180 0.168615
 2.472727 66.315789 13.513276 14.265126 0.072065
 2.763636 66.315789 17.996850 16.188306 -0.026404
 3.054545 66.315789 23.185866 18.003735 -0.067839
 3.345455 66.315789 27.909698 11.559838 -0.027778
 3.636364 66.315789 30.250485 4.668069 -0.016978
 3.927273 66.315789 31.226086 2.095738 -0.031116
 4.218182 66.315789 31.674278 1.420820 -0.035835
 4.509091 66.315789 32.342965 3.631137 -0.039416
 4.800000 66.315789 34.027540 8.269259 -0.041254

 -4.800000 75.789474 33.689683 -8.524354 -0.007865
 -4.509091 75.789474 31.880508 -4.356453 -0.009421
 -4.218182 75.789474 30.803481 -3.779829 -0.005569
 -3.927273 75.789474 29.358793 -6.178131 0.000349
 -3.636364 75.789474 27.495110 -6.077842 0.002681
 -3.345455 75.789474 25.860933 -5.613776 -0.027074
 -3.054545 75.789474 24.010128 -6.838198 -0.108256
 -2.763636 75.789474 22.332303 -3.953167 -0.146525
 -2.472727 75.789474 21.957795 1.563715 -0.134485
 -2.181818 75.789474 23.289459 7.618949 -0.104127
 -1.890909 75.789474 26.393632 13.697166 -0.073775
 -1.600000 75.789474 31.217286 19.290541 -0.055112
 -1.309091 75.789474 37.555561 22.597611 -0.050912
 -1.018182 75.789474 44.908540 21.268883 -0.072825
 -0.727273 75.789474 51.296840 9.411851 -0.048070
 -0.436364 75.789474 42.181302 -33.350991 0.334871
 -0.145455 75.789474 32.496451 -29.486730 0.373750
 0.145455 75.789474 24.409426 -25.208984 0.393993
 0.436364 75.789474 17.762499 -20.347918 0.414761
 0.727273 75.789474 12.652839 -14.655843 0.431808
 1.018182 75.789474 9.273913 -8.575963 0.431179
 1.309091 75.789474 7.622352 -2.909705 0.394221
 1.600000 75.789474 7.486111 1.808817 0.303767
 1.890909 75.789474 8.599750 5.752251 0.180193
 2.181818 75.789474 10.774124 9.069229 0.073674
 2.472727 75.789474 13.815635 11.790013 0.011981
 2.763636 75.789474 17.729535 15.203937 -0.010849
 3.054545 75.789474 22.749595 18.393933 -0.013710
 3.345455 75.789474 27.730302 12.508369 -0.005625
 3.636364 75.789474 30.125739 4.174344 -0.010644
 3.927273 75.789474 31.014813 1.958150 -0.015097
 4.218182 75.789474 31.432330 1.323777 -0.016284
 4.509091 75.789474 32.076705 3.575727 -0.016901
 4.800000 75.789474 33.755390 8.280487 -0.015612

 -4.800000 85.263158 33.695261 -8.650538 0.006890
 -4.509091 85.263158 31.865964 -4.332984 0.005170
 -4.218182 85.263158 30.837309 -3.480764 0.011072
 -3.927273 85.263158 29.486263 -5.898934 0.022656
 -3.636364 85.263158 27.647102 -6.332568 0.024651
 -3.345455 85.263158 25.711104 -7.529404 -0.002409
 -3.054545 85.263158 23.285106 -8.276513 -0.035970
 -2.763636 85.263158 21.435699 -3.849875 -0.037312
 -2.472727 85.263158 21.204223 2.338906 -0.021018
 -2.181818 85.263158 22.795497 8.546741 0.001779
 -1.890909 85.263158 26.121631 14.171201 0.013380
 -1.600000 85.263158 30.913624 18.455818 -0.024192
 -1.309091 85.263158 36.805577 20.388331 -0.131145
 -1.018182 85.263158 43.433142 21.956494 -0.236397
 -0.727273 85.263158 50.445529 14.439351 -0.138078
 -0.436364 85.263158 45.073805 -29.514782 0.254275
 -0.145455 85.263158 36.173533 -28.242897 0.373832
 0.145455 85.263158 28.466419 -24.074722 0.436165
 0.436364 85.263158 22.147455 -19.250708 0.486404
 0.727273 85.263158 17.264458 -14.364171 0.515981
 1.018182 85.263158 13.718905 -10.184911 0.473233
 1.309091 85.263158 11.270331 -6.632347 0.347222
 1.600000 85.263158 9.946782 -2.268670 0.225619
 1.890909 85.263158 10.023652 2.814480 0.155366
 2.181818 85.263158 11.535550 7.426499 0.118275
 2.472727 85.263158 14.259242 11.212129 0.099731
 2.763636 85.263158 18.078724 15.122636 0.091546
 3.054545 85.263158 23.047672 18.124972 0.076407
 3.345455 85.263158 27.823257 11.526603 0.021558
 3.636364 85.263158 30.023808 4.021023 -0.011477
 3.927273 85.263158 30.910122 2.028620 -0.007686
 4.218182 85.263158 31.343275 1.369512 -0.003275
 4.509091 85.263158 32.009474 3.683892 0.001601
 4.800000 85.263158 33.722940 8.397429 0.007207

 -4.800000 94.736842 33.790160 -8.674052 0.011708
 -4.509091 94.736842 31.963336 -4.259340 0.014336
 -4.218182 94.736842 30.995132 -3.131238 0.021438
 -3.927273 94.736842 29.747767 -5.659621 0.031750
 -3.636364 94.736842 27.887688 -6.769385 0.021570
 -3.345455 94.736842 25.757437 -8.158767 -0.000177
 -3.054545 94.736842 23.293635 -7.951556 0.022822
 -2.763636 94.736842 21.585812 -3.290498 0.058389
 -2.472727 94.736842 21.520225 2.899853 0.079631
 -2.181818 94.736842 23.233895 8.684589 0.078721
 -1.890909 94.736842 26.375490 12.459963 0.015296
 -1.600000 94.736842 30.286646 14.380004 -0.125283
 -1.309091 94.736842 34.972008 17.523080 -0.234736
 -1.018182 94.736842 40.939731 22.668126 -0.264064
 -0.727273 94.736842 48.810917 22.913665 -0.194666
 -0.436364 94.736842 47.353252 -25.918501 0.249797
 -0.145455 94.736842 39.490481 -25.936654 0.323663
 0.145455 94.736842 32.448841 -21.991887 0.376603
 0.436364 94.736842 26.711467 -17.374958 0.423618
 0.727273 94.736842 22.136286 -14.600715 0.442627
 1.018182 94.736842 17.995670 -13.746293 0.391819
 1.309091 94.736842 14.456255 -9.986561 0.334942
 1.600000 94.736842 12.393199 -4.070989 0.306121
 1.890909 94.736842 12.075946 1.768418 0.285469
 2.181818 94.736842 13.319162 6.575615 0.258390
 2.472727 94.736842 15.804349 10.424800 0.217948
 2.763636 94.736842 19.393807 14.288618 0.169305
 3.054545 94.736842 24.002292 16.287323 0.104802
 3.345455 94.736842 28.012209 9.374469 0.012038
 3.636364 94.736842 29.930960 4.213360 -0.006005
 3.927273 94.736842 30.886831 2.267997 0.004293
 4.218182 94.736842 31.375704 1.529173 0.010735
 4.509091 94.736842 32.091250 3.864011 0.014924
 4.800000 94.736842 33.853361 8.537534 0.017943

 -4.800000 104.210526 33.897386 -8.523505 0.010356
 -4.509091 104.210526 32.115360 -4.083019 0.016500
 -4.218182 104.210526 31.226265 -2.733980 0.025906
 -3.927273 104.210526 30.068101 -5.746467 0.033225
 -3.636364 104.210526 27.924806 -8.560251 -0.021451
 -3.345455 104.210526 25.352613 -8.634318 -0.096682
 -3.054545 104.210526 23.180191 -5.909996 -0.073984
 -2.763636 104.210526 22.074613 -1.508865 0.008259
 -2.472727 104.210526 22.352816 3.375964 0.064252
 -2.181818 104.210526 23.893695 6.762672 0.035956
 -1.890909 104.210526 26.052059 8.017894 -0.079483
 -1.600000 104.210526 28.780837 11.272117 -0.162544
 -1.309091 104.210526 32.868583 16.845897 -0.189323
 -1.018182 104.210526 38.731398 23.019679 -0.192149
 -0.727273 104.210526 46.996069 26.445261 -0.175307
 -0.436364 104.210526 50.259017 -22.308652 0.355644
 -0.145455 104.210526 42.986017 -24.618297 0.415503
 0.145455 104.210526 36.321038 -20.723698 0.437068
 0.436364 104.210526 30.956992 -16.147863 0.459996
 0.727273 104.210526 26.585451 -14.749559 0.478204
 1.018182 104.210526 22.155179 -15.147541 0.476301
 1.309091 104.210526 18.285201 -10.814044 0.467260
 1.600000 104.210526 16.024776 -4.705700 0.454216
 1.890909 104.210526 15.475159 0.692607 0.421367
 2.181818 104.210526 16.261711 4.456940 0.340933
 2.472727 104.210526 18.018503 7.741129 0.225228
 2.763636 104.210526 20.872704 11.943118 0.132330
 3.054545 104.210526 24.752460 13.586194 0.057276
 3.345455 104.210526 28.050731 8.364615 0.001184
 3.636364 104.210526 29.940752 4.712585 0.007870
 3.927273 104.210526 31.005444 2.526179 0.019726
 4.218182 104.210526 31.548157 1.644831 0.024417
 4.509091 104.210526 32.280077 3.864257 0.023849
 4.800000 104.210526 34.030719 8.466425 0.018599

 -4.800000 113.684211 34.003467 -8.357740 0.013535
 -4.509091 113.684211 32.273535 -3.878104 0.017377
 -4.218182 113.684211 31.468089 -2.345042 0.024605
 -3.927273 113.684211 30.326196 -6.610143 0.020035
 -3.636364 113.684211 27.492369 -11.867802 -0.058507
 -3.345455 113.684211 24.185735 -9.875236 -0.121594
 -3.054545 113.684211 22.051143 -4.614170 -0.128944
 -2.763636 113.684211 21.504399 0.732282 -0.100951
 -2.472727 113.684211 22.332250 4.540743 -0.056064
 -2.181818 113.684211 23.807516 5.070428 -0.034801
 -1.890909 113.684211 25.310510 5.896682 -0.052755
 -1.600000 113.684211 27.636509 10.537977 -0.066655
 -1.309091 113.684211 31.605347 16.751861 -0.071159
 -1.018182 113.684211 37.439308 22.968821 -0.075346
 -0.727273 113.684211 45.717980 26.375864 -0.085736
 -0.436364 113.684211 53.462269 -3.579634 0.242159
 -0.145455 113.684211 47.537385 -24.117984 0.530742
 0.145455 113.684211 41.004528 -20.267812 0.527957
 0.436364 113.684211 35.778946 -15.706547 0.522661
 0.727273 113.684211 31.472611 -14.820068 0.502582
 1.018182 113.684211 26.988940 -15.271999 0.489801
 1.309091 113.684211 23.108826 -10.855834 0.505431
 1.600000 113.684211 20.754408 -5.500429 0.506529
 1.890909 113.684211 19.695224 -2.217796 0.435757
 2.181818 113.684211 19.359998 0.126936 0.303087
 2.472727 113.684211 20.006402 4.681922 0.212336
 2.763636 113.684211 22.154241 9.882128 0.158355
 3.054545 113.684211 25.369461 11.077152 0.081899
 3.345455 113.684211 28.113989 7.743777 0.012057
 3.636364 113.684211 30.051740 5.317032 0.013513
 3.927273 113.684211 31.228338 2.723865 0.025758
 4.218182 113.684211 31.808904 1.705396 0.029354
 4.509091 113.684211 32.528371 3.715637 0.028171
 4.800000 113.684211 34.218486 8.227861 0.022570

 -4.800000 123.157895 34.174978 -8.348303 0.022259
 -4.509091 123.157895 32.457830 -3.784942 0.021433
 -4.218182 123.157895 31.700645 -2.127407 0.024988
 -3.927273 123.157895 30.492463 -7.790594 0.018782
 -3.636364 123.157895 27.088017 -13.831785 -0.017641
 -3.345455 123.157895 23.420665 -10.472811 -0.033298
 -3.054545 123.157895 21.223180 -4.531634 -0.037488
 -2.763636 123.157895 20.768671 1.284104 -0.040024
 -2.472727 123.157895 21.831634 5.607101 -0.033521
 -2.181818 123.157895 23.643388 6.101298 0.007095
 -1.890909 123.157895 25.311884 6.047280 0.055692
 -1.600000 123.157895 27.639372 10.471048 0.069508
 -1.309091 123.157895 31.588599 16.650465 0.068743
 -1.018182 123.157895 37.352882 22.596739 0.054905
 -0.727273 123.157895 45.378448 24.938410 -0.001416
 -0.436364 123.157895 54.055335 21.776009 -0.098069
 -0.145455 123.157895 53.090755 -24.113124 0.584820
 0.145455 123.157895 46.419584 -20.770423 0.560855
 0.436364 123.157895 40.902146 -17.368120 0.496433
 0.727273 123.157895 35.837748 -17.825332 0.357895
 1.018182 123.157895 30.843716 -15.553847 0.275104
 1.309091 123.157895 27.117163 -9.935486 0.273565
 1.600000 123.157895 24.924552 -5.719712 0.295493
 1.890909 123.157895 23.409739 -4.970124 0.311782
 2.181818 123.157895 22.262550 -2.222151 0.308573
 2.472727 123.157895 22.381479 3.169658 0.285318
 2.763636 123.157895 23.990969 7.342289 0.212948
 3.054545 123.157895 26.206350 7.274009 0.077302
 3.345455 123.157895 28.223981 6.894635 0.007067
 3.636364 123.157895 30.187503 5.998570 0.015816
 3.927273 123.157895 31.498006 2.941883 0.032368
 4.218182 123.157895 32.110253 1.743710 0.035146
 4.509091 123.157895 32.825857 3.651561 0.035136
 4.800000 123.157895 34.491269 8.137787 0.035435

 -4.800000 132.631579 34.411543 -8.454525 0.027286
 -4.509091 132.631579 32.680486 -3.754131 0.025874
 -4.218182 132.631579 31.958934 -1.949210 0.030248
 -3.927273 132.631579 30.729084 -8.302505 0.031015
 -3.636364 132.631579 27.165974 -14.118255 0.027058
 -3.345455 132.631579 23.471675 -10.515367 0.030511
 -3.054545 132.631579 21.220310 -4.912476 0.016508
 -2.763636 132.631579 20.588568 0.481022 -0.029499
 -2.472727 132.631579 21.442110 5.261623 -0.092560
 -2.181818 132.631579 23.505019 8.464719 -0.093787
 -1.890909 132.631579 26.056102 8.822796 0.049422
 -1.600000 132.631579 28.860282 11.054088 0.166667
 -1.309091 132.631579 32.805575 15.898633 0.168701
 -1.018182 132.631579 38.157539 20.389240 0.072751
 -0.727273 132.631579 44.875711 21.157684 -0.152678
 -0.436364 132.631579 51.972263 23.543084 -0.315653
 -0.145455 132.631579 58.223737 -4.712291 0.209484
 0.145455 132.631579 52.241735 -22.671289 0.565492
 0.436364 132.631579 45.691621 -22.042998 0.445423
 0.727273 132.631579 39.246583 -21.528587 0.351499
 1.018182 132.631579 33.628234 -16.568546 0.315785
 1.309091 132.631579 29.716991 -10.372522 0.280125
 1.600000 132.631579 27.450097 -5.651342 0.239717
 1.890909 132.631579 26.125052 -3.845207 0.244330
 2.181818 132.631579 25.225742 -2.012784 0.283208
 2.472727 132.631579 25.081013 0.959444 0.242241
 2.763636 132.631579 25.622174 2.482399 0.097077
 3.054545 132.631579 26.547636 4.187631 -0.010954
 3.345455 132.631579 28.192036 7.049739 -0.015716
 3.636364 132.631579 30.365638 6.998486 0.021289
 3.927273 132.631579 31.864650 3.190291 0.045085
 4.218182 132.631579 32.490837 1.690490 0.045213
 4.509091 132.631579 33.198170 3.660584 0.043074
 4.800000 132.631579 34.877680 8.218035 0.044704

 -4.800000 142.105263 34.731445 -8.551851 0.044588
 -4.509091 142.105263 32.990116 -3.708643 0.043445
 -4.218182 142.105263 32.307634 -1.761637 0.046282
 -3.927273 142.105263 31.083853 -8.528905 0.046180
 -3.636364 142.105263 27.469855 -14.170262 0.035790
 -3.345455 142.105263 23.698865 -11.212654 0.007382
 -3.054545 142.105263 21.025997 -7.166755 -0.074218
 -2.763636 142.105263 19.565725 -2.704158 -0.186727
 -2.472727 142.105263 19.582323 3.033185 -0.267562
 -2.181818 142.105263 21.411884 9.580037 -0.294818
 -1.890909 142.105263 25.072182 15.150847 -0.240321
 -1.600000 142.105263 29.722870 15.549154 -0.046958
 -1.309091 142.105263 33.990536 12.253272 0.041506
 -1.018182 142.105263 37.956066 14.944391 -0.100102
 -0.727273 142.105263 42.876325 18.321388 -0.207088
 -0.436364 142.105263 49.108560 22.651716 -0.248152
 -0.145455 142.105263 56.991625 25.634736 -0.263942
 0.145455 142.105263 57.259672 -26.812645 0.365737
 0.436364 142.105263 49.465540 -24.877591 0.306205
 0.727273 142.105263 42.657837 -21.693732 0.344386
 1.018182 142.105263 36.950041 -17.314107 0.368683
 1.309091 142.105263 32.663870 -12.118351 0.332222
 1.600000 142.105263 29.857943 -7.335935 0.267866
 1.890909 142.105263 28.256728 -3.972960 0.213359
 2.181818 142.105263 27.339834 -2.730776 0.166047
 2.472727 142.105263 26.495776 -3.053084 0.065505
 2.763636 142.105263 25.812496 -1.025690 -0.028173
 3.054545 142.105263 26.170965 3.722142 -0.050231
 3.345455 142.105263 27.967356 8.318085 -0.024035
 3.636364 142.105263 30.589083 8.526935 0.027743
 3.927273 142.105263 32.357511 3.480341 0.060066
 4.218182 142.105263 32.986475 1.557470 0.061775
 4.509091 142.105263 33.667746 3.629001 0.059372
 4.800000 142.105263 35.353655 8.282418 0.059245

 -4.800000 151.578947 35.379809 -8.632099 0.099421
 -4.509091 151.578947 33.620085 -3.746738 0.096621
 -4.218182 151.578947 32.938831 -1.708106 0.094008
 -3.927273 151.578947 31.723432 -8.633017 0.097161
 -3.636364 151.578947 27.968578 -15.137633 0.079742
 -3.345455 151.578947 23.683841 -13.865411 0.003979
 -3.054545 151.578947 20.074759 -10.575846 -0.094284
 -2.763636 151.578947 17.764839 -4.963568 -0.153813
 -2.472727 151.578947 17.321979 2.056815 -0.177541
 -2.181818 151.578947 19.006227 9.552918 -0.184174
 -1.890909 151.578947 22.867269 16.870213 -0.178246
 -1.600000 151.578947 28.534968 20.710852 -0.129857
 -1.309091 151.578947 33.996964 9.898923 0.013925
 -1.018182 151.578947 37.250351 12.771078 -0.010715
 -0.727273 151.578947 41.652583 17.461317 -0.037741
 -0.436364 151.578947 47.618854 22.088899 -0.060268
 -0.145455 151.578947 55.243776 26.439614 -0.090712
 0.145455 151.578947 59.946663 -23.858359 0.224554
 0.436364 151.578947 52.221136 -24.201541 0.304133
 0.727273 151.578947 45.886544 -19.655600 0.351817
 1.018182 151.578947 40.550237 -17.118772 0.393997
 1.309091 151.578947 36.024311 -13.714397 0.380015
 1.600000 151.578947 32.663593 -9.385959 0.329158
 1.890909 151.578947 30.467312 -6.068124 0.259544
 2.181818 151.578947 28.804222 -5.981170 0.155668
 2.472727 151.578947 26.945325 -6.170076 0.054043
 2.763636 151.578947 25.669125 -2.020449 0.017401
 3.054545 151.578947 25.948333 4.032330 0.017286
 3.345455 151.578947 27.962671 9.485282 0.035308
 3.636364 151.578947 31.009974 10.086294 0.070243
 3.927273 151.578947 33.082476 3.912667 0.099496
 4.218182 151.578947 33.755412 1.544467 0.106842
 4.509091 151.578947 34.432775 3.620556 0.108611
 4.800000 151.578947 36.118670 8.290229 0.109090

 -4.800000 161.052632 36.754126 -8.701714 0.196962
 -4.509091 161.052632 34.964935 -3.883428 0.193997
 -4.218182 161.052632 34.243917 -1.774865 0.189039
 -3.927273 161.052632 33.083838 -8.294465 0.196725
 -3.636364 161.052632 29.150898 -16.988444 0.176244
 -3.345455 161.052632 24.083648 -16.915392 0.094541
 -3.054545 161.052632 19.733036 -12.432728 0.037732
 -2.763636 161.052632 17.067182 -5.681237 0.016121
 -2.472727 161.052632 16.497596 1.826290 0.009137
 -2.181818 161.052632 18.148108 9.532322 0.007173
 -1.890909 161.052632 22.037694 17.155655 0.008310
 -1.600000 161.052632 27.987350 22.960703 0.026141
 -1.309091 161.052632 34.855275 10.685206 0.176508
 -1.018182 161.052632 38.064142 12.019293 0.187295
 -0.727273 161.052632 42.259458 16.843864 0.167470
 -0.436364 161.052632 48.014150 21.518049 0.144690
 -0.145455 161.052632 55.351934 25.750208 0.114312
 0.145455 161.052632 62.497703 -6.889029 0.298863
 0.436364 161.052632 55.950945 -23.608686 0.484503
 0.727273 161.052632 49.863828 -18.585355 0.487031
 1.018182 161.052632 44.758459 -16.895178 0.486518
 1.309091 161.052632 40.070964 -14.919579 0.466752
 1.600000 161.052632 36.237999 -11.378781 0.421973
 1.890909 161.052632 33.309465 -9.267125 0.338364
 2.181818 161.052632 30.542920 -9.869579 0.216751
 2.472727 161.052632 27.865981 -7.749992 0.149024
 2.763636 161.052632 26.370304 -2.206349 0.136206
 3.054545 161.052632 26.672643 4.312489 0.140340
 3.345455 161.052632 28.816176 10.106820 0.150723
 3.636364 161.052632 32.101106 11.047936 0.167841
 3.927273 161.052632 34.400314 4.381124 0.186656
 4.218182 161.052632 35.152593 1.677383 0.195163
 4.509091 161.052632 35.857333 3.675957 0.198276
 4.800000 161.052632 37.550340 8.289285 0.198811

 -4.800000 170.526316 39.225723 -8.726227 0.329118
 -4.509091 170.526316 37.416476 -4.006479 0.328036
 -4.218182 170.526316 36.653871 -1.854592 0.324586
 -3.927273 170.526316 35.564009 -7.828138 0.330874
 -3.636364 170.526316 31.419585 -19.088745 0.307436
 -3.345455 170.526316 25.684127 -18.858556 0.250656
 -3.054545 170.526316 20.956365 -13.182606 0.224819
 -2.763636 170.526316 18.159443 -5.925453 0.216478
 -2.472727 170.526316 17.545900 1.737735 0.213276
 -2.181818 170.526316 19.179145 9.495193 0.211267
 -1.890909 170.526316 23.066811 17.206790 0.209721
 -1.600000 170.526316 29.123328 24.042857 0.215353
 -1.309091 170.526316 37.363397 13.549960 0.348166
 -1.018182 170.526316 40.838284 11.350777 0.398759
 -0.727273 170.526316 44.841045 16.200841 0.377871
 -0.436364 170.526316 50.371201 20.870704 0.353269
 -0.145455 170.526316 57.419480 24.899201 0.322621
 0.145455 170.526316 65.565428 13.716850 0.360863
 0.436364 170.526316 61.505221 -23.580006 0.681732
 0.727273 170.526316 55.359445 -18.915784 0.659605
 1.018182 170.526316 50.087485 -17.697443 0.615716
 1.309091 170.526316 45.094782 -16.190359 0.573315
 1.600000 170.526316 40.765774 -13.641283 0.521608
 1.890909 170.526316 36.920772 -13.254068 0.420549
 2.181818 170.526316 33.053392 -12.776229 0.318224
 2.472727 170.526316 29.884435 -8.474677 0.280180
 2.763636 170.526316 28.310300 -2.182674 0.274756
 3.054545 170.526316 28.656041 4.551177 0.279426
 3.345455 170.526316 30.887183 10.474093 0.288210
 3.636364 170.526316 34.306354 11.611796 0.301427
 3.927273 170.526316 36.764149 4.795273 0.317712
 4.218182 170.526316 37.591147 1.798732 0.325015
 4.509091 170.526316 38.314093 3.688341 0.325461
 4.800000 170.526316 40.001391 8.245307 0.323511

 -4.800000 180.000000 43.083046 -8.695667 0.486358
 -4.509091 180.000000 41.272948 -4.054214 0.487166
 -4.218182 180.000000 40.488285 -1.900875 0.485966
 -3.927273 180.000000 39.441352 -7.580059 0.488818
 -3.636364 180.000000 35.079349 -20.741263 0.468050
 -3.345455 180.000000 28.931968 -19.806621 0.437491
 -3.054545 180.000000 24.038703 -13.483259 0.426780
 -2.763636 180.000000 21.187679 -6.040140 0.423024
 -2.472727 180.000000 20.547455 1.656581 0.420346
 -2.181818 180.000000 22.156124 9.404117 0.417050
 -1.890909 180.000000 26.016116 17.119035 0.412722
 -1.600000 180.000000 32.085687 24.432996 0.410309
 -1.309091 180.000000 41.339906 18.847759 0.485062
 -1.018182 180.000000 45.626460 10.628283 0.612040
 -0.727273 180.000000 49.424709 15.510691 0.589928
 -0.436364 180.000000 54.714168 20.142384 0.563866
 -0.145455 180.000000 61.474736 24.079005 0.534048
 0.145455 180.000000 69.719680 23.824123 0.511727
 0.436364 180.000000 69.712783 -24.000447 0.793860
 0.727273 180.000000 63.016669 -21.517673 0.751894
 1.018182 180.000000 56.928381 -20.198454 0.700516
 1.309091 180.000000 51.343932 -17.888202 0.667945
 1.600000 180.000000 46.354669 -16.671956 0.613950
 1.890909 180.000000 41.417276 -17.180673 0.517381
 2.181818 180.000000 36.693473 -14.582160 0.451095
 2.472727 180.000000 33.232310 -8.908171 0.428175
 2.763636 180.000000 31.611373 -2.150346 0.423804
 3.054545 180.000000 31.997720 4.777516 0.427605
 3.345455 180.000000 34.316164 10.855930 0.437031
 3.636364 180.000000 37.882470 12.255863 0.454817
 3.927273 180.000000 40.523052 5.257825 0.477252
 4.218182 180.000000 41.420422 1.849268 0.484821
 4.509091 180.000000 42.134942 3.603379 0.482869
 4.800000 180.000000 43.792506 8.137268 0.478904
